PROOF OF CONCEPT!

C# dotnet core 3.1

How it works: 

Change the constants (line 103 to 105) to where you want to search for Pi. Compile and run. Then the results will be shown in the cmd window.

According to http://qin.laya.com/tech_projects_approxpi.html, the closest fraction to Pi is 2646693125139304345 / 842468587426513207

From 20 To 360000, the results are:
Nom	Denom	Result	Diff to proper Pi
312689	99532	3,14159265361894	2,91433543964104E-11
208341	66317	3,14159265346744	1,22356347276309E-10
312334	99419	3,14159265331576	2,7402835556245E-10
313044	99645	3,14159265392142	3,31628058347633E-10
104348	33215	3,14159265392142	3,31628058347633E-10
208696	66430	3,14159265392142	3,31628058347633E-10
103993	33102	3,1415926530119	5,77890624242627E-10
207986	66204	3,1415926530119	5,77890624242627E-10
311979	99306	3,1415926530119	5,77890624242627E-10
313399	99758	3,14159265422322	6,33427088558847E-10
209051	66543	3,14159265437386	7,84070586234975E-10
311624	99193	3,14159265270735	8,82444783911751E-10
313754	99871	3,14159265452434	9,34543109565311E-10
207631	66091	3,14159265255481	1,03498232206789E-09
311269	99080	3,1415926524021	1,18769394319429E-09
104703	33328	3,14159265482477	1,23497878590229E-09
314109	99984	3,14159265482477	1,23497878590229E-09
209406	66656	3,14159265482477	1,23497878590229E-09
207276	65978	3,14159265209615	1,49363987844708E-09
103638	32989	3,14159265209615	1,49363987844708E-09
310914	98967	3,14159265209615	1,49363987844708E-09
314464	100097	3,14159265512453	1,53473589392661E-09
209761	66769	3,14159265527415	1,68436109504455E-09
310559	98854	3,14159265178951	1,80028525420539E-09
314819	100210	3,14159265542361	1,83381709817354E-09
206921	65865	3,14159265163592	1,95387128698599E-09
310204	98741	3,14159265148216	2,10763273500447E-09
105058	33441	3,14159265572202	2,13222461908913E-09
315174	100323	3,14159265572202	2,13222461908913E-09
210116	66882	3,14159265572202	2,13222461908913E-09
103283	32876	3,14159265117411	2,41568454129037E-09
309849	98628	3,14159265117411	2,41568454129037E-09
206566	65752	3,14159265117411	2,41568454129037E-09
315529	100436	3,14159265601975	2,42996067711942E-09
210471	66995	3,14159265616837	2,57857779573101E-09
309494	98515	3,14159265086535	2,72444244941994E-09
315884	100549	3,14159265631682	2,72702749271048E-09
206211	65639	3,14159265071071	2,87908763496603E-09
316239	100662	3,14159265661322	3,02342728630833E-09
210826	67108	3,14159265661322	3,02342728630833E-09
105413	33554	3,14159265661322	3,02342728630833E-09
309139	98402	3,14159265055588	3,03391001210684E-09
316594	100775	3,14159265690896	3,31916227835904E-09
102928	32763	3,1415926502457	3,34408900570793E-09
205856	65526	3,1415926502457	3,34408900570793E-09
308784	98289	3,1415926502457	3,34408900570793E-09
211181	67221	3,14159265705657	3,46678152851609E-09
316949	100888	3,14159265720403	3,61423513339787E-09
308429	98176	3,14159264993481	3,65498209475845E-09
205501	65413	3,1415926497791	3,81069709121107E-09
105768	33667	3,14159265749844	3,90864762778165E-09
317304	101001	3,14159265749844	3,90864762778165E-09
211536	67334	3,14159265749844	3,90864762778165E-09
308074	98063	3,1415926496232	3,96659149970446E-09
317659	101114	3,14159265779219	4,20240198195643E-09
205146	65300	3,14159264931087	4,27892032917043E-09
102573	32650	3,14159264931087	4,27892032917043E-09
307719	97950	3,14159264931087	4,27892032917043E-09
211891	67447	3,14159265793883	4,34903313362156E-09
318014	101227	3,14159265808529	4,49550041636826E-09
307364	97837	3,14159264899782	4,5919703595132E-09
204791	65187	3,14159264884103	4,7487667131918E-09
106123	33780	3,14159265837774	4,78794515146319E-09
212246	67560	3,14159265837774	4,78794515146319E-09
318369	101340	3,14159265837774	4,78794515146319E-09
307009	97724	3,14159264868405	4,90574425526802E-09
318724	101453	3,14159265866953	5,07973840768727E-09
102218	32537	3,14159264836955	5,22024468097015E-09
204436	65074	3,14159264836955	5,22024468097015E-09
306654	97611	3,14159264836955	5,22024468097015E-09
212601	67673	3,14159265881518	5,22539167491232E-09
319079	101566	3,14159265896068	5,37088284957576E-09
306299	97498	3,14159264805432	5,53547385706565E-09
106478	33893	3,14159265925117	5,66137980939629E-09
212956	67786	3,14159265925117	5,66137980939629E-09
319434	101679	3,14159265925117	5,66137980939629E-09
204081	64961	3,14159264789643	5,6933631142897E-09
305944	97385	3,14159264773836	5,85143489217899E-09
319789	101792	3,14159265954102	5,95123150759491E-09
213311	67899	3,14159265968571	6,09591666034248E-09
101863	32424	3,14159264742166	6,1681300067562E-09
203726	64848	3,14159264742166	6,1681300067562E-09
305589	97272	3,14159264742166	6,1681300067562E-09
320144	101905	3,14159265983023	6,24044105279609E-09
305234	97159	3,14159264710423	6,48556186533256E-09
320499	102018	3,1415926601188	6,52900933317824E-09
106833	34006	3,1415926601188	6,52900933317824E-09
213666	68012	3,1415926601188	6,52900933317824E-09
203371	64735	3,14159264694524	6,64455468424308E-09
304879	97046	3,14159264678606	6,8037326883541E-09
320854	102131	3,14159266040673	6,81693945736583E-09
214021	68125	3,14159266055046	6,96066582150934E-09
321209	102244	3,14159266069403	7,10423275762651E-09
101508	32311	3,14159264646715	7,12264558444531E-09
203016	64622	3,14159264646715	7,12264558444531E-09
304524	96933	3,14159264646715	7,12264558444531E-09
107188	34119	3,14159266098069	7,39089234258472E-09
321564	102357	3,14159266098069	7,39089234258472E-09
214376	68238	3,14159266098069	7,39089234258472E-09
304169	96820	3,14159264614749	7,44230277405222E-09
202661	64509	3,14159264598738	7,6024115891471E-09
321919	102470	3,14159266126671	7,6769191004189E-09
303814	96707	3,14159264582709	7,76270736579931E-09
214731	68351	3,14159266140949	7,81969600183174E-09
322274	102583	3,14159266155211	7,9623156956643E-09
101153	32198	3,14159264550593	8,08386113604342E-09
202306	64396	3,14159264550593	8,08386113604342E-09
303459	96594	3,14159264550593	8,08386113604342E-09
107543	34232	3,14159266183688	8,24708479285619E-09
322629	102696	3,14159266183688	8,24708479285619E-09
215086	68464	3,14159266183688	8,24708479285619E-09
303104	96481	3,14159264518403	8,40576719340902E-09
322984	102809	3,14159266212102	8,53122728017297E-09
201951	64283	3,14159264502279	8,56700310691849E-09
215441	68577	3,14159266226286	8,67306448881777E-09
302749	96368	3,14159264486136	8,72842820243136E-09
323339	102922	3,14159266240454	8,81474626623913E-09
100798	32085	3,14159264453795	9,0518468276457E-09
201596	64170	3,14159264453795	9,0518468276457E-09
302394	96255	3,14159264453795	9,0518468276457E-09
107898	34345	3,14159266268744	9,09764308332228E-09
323694	103035	3,14159266268744	9,09764308332228E-09
215796	68690	3,14159266268744	9,09764308332228E-09
302039	96142	3,14159264421377	9,37602617767652E-09
324049	103148	3,14159266296971	9,3799203959577E-09
216151	68803	3,14159266311062	9,52082723770786E-09
201241	64057	3,14159264405139	9,53840118000926E-09
324404	103261	3,14159266325137	9,661579536413E-09
301684	96029	3,14159264388882	9,70096802888065E-09
108253	34458	3,14159266353242	9,94262316922345E-09
216506	68916	3,14159266353242	9,94262316922345E-09
324759	103374	3,14159266353242	9,94262316922345E-09
100443	31972	3,14159264356312	1,00266754898826E-08
200886	63944	3,14159264356312	1,00266754898826E-08
301329	95916	3,14159264356312	1,00266754898826E-08
325114	103487	3,14159266381285	1,02230530707459E-08
300974	95803	3,14159264323664	1,03531512252175E-08
216861	69029	3,14159266395283	1,03630384273856E-08
325469	103600	3,14159266409266	1,05028710173372E-08
200531	63831	3,14159264307311	1,05166781949606E-08
300619	95690	3,14159264290939	1,068039834351E-08
108608	34571	3,14159266437187	1,07820792294433E-08
325824	103713	3,14159266437187	1,07820792294433E-08
217216	69142	3,14159266437187	1,07820792294433E-08
100088	31859	3,14159264258137	1,1008419065206E-08
300264	95577	3,14159264258137	1,1008419065206E-08
200176	63718	3,14159264258137	1,1008419065206E-08
326179	103826	3,14159266465047	1,10606799275104E-08
217571	69255	3,14159266478955	1,11997526808239E-08
299909	95464	3,14159264225258	1,13372160548408E-08
326534	103939	3,14159266492847	1,1338674443806E-08
199821	63605	3,14159264208789	1,15019069824029E-08
326889	104052	3,14159266520586	1,16160654428654E-08
108963	34684	3,14159266520586	1,16160654428654E-08
217926	69368	3,14159266520586	1,16160654428654E-08
299554	95351	3,141592641923	1,16667928651282E-08
327244	104165	3,14159266548265	1,18928547010455E-08
99733	31746	3,14159264159264	1,19971517165141E-08
299199	95238	3,14159264159264	1,19971517165141E-08
199466	63492	3,14159264159264	1,19971517165141E-08
218281	69481	3,14159266562082	1,20310241769062E-08
327599	104278	3,14159266575884	1,21690439947031E-08
298844	95125	3,1415926412615	1,23282952735337E-08
109318	34797	3,14159266603443	1,2444635100195E-08
218636	69594	3,14159266603443	1,2444635100195E-08
327954	104391	3,14159266603443	1,2444635100195E-08
199111	63379	3,14159264109563	1,24941621493235E-08
298489	95012	3,14159264092957	1,26602262007225E-08
328309	104504	3,14159266630942	1,27196302379673E-08
218991	69707	3,1415926664467	1,28569053181593E-08
99378	31633	3,14159264059684	1,2992948050794E-08
298134	94899	3,14159264059684	1,2992948050794E-08
198756	63266	3,14159264059684	1,2992948050794E-08
328664	104617	3,14159266658382	1,2994031628466E-08
109673	34910	3,14159266685763	1,32678406039588E-08
329019	104730	3,14159266685763	1,32678406039588E-08
219346	69820	3,14159266685763	1,32678406039588E-08
297779	94786	3,14159264026333	1,33264630441943E-08
198401	63153	3,14159264009627	1,3493519190888E-08
329374	104843	3,14159266713085	1,35410598289809E-08
297424	94673	3,14159263992902	1,36607742895478E-08
219701	69933	3,14159266726724	1,36774485071101E-08
329729	104956	3,14159266740348	1,38136901917107E-08
297069	94560	3,14159263959391	1,39958844513899E-08
99023	31520	3,14159263959391	1,39958844513899E-08
198046	63040	3,14159263959391	1,39958844513899E-08
110028	35023	3,14159266767553	1,40857343566836E-08
220056	70046	3,14159266767553	1,40857343566836E-08
330084	105069	3,14159266767553	1,40857343566836E-08
296714	94447	3,141592639258	1,43317966383449E-08
330439	105182	3,14159266794699	1,43571941002563E-08
220411	70159	3,1415926680825	1,44927052581068E-08
197691	62927	3,14159263908974	1,45000540463514E-08
330794	105295	3,14159266821786	1,46280711987856E-08
296359	94334	3,14159263892128	1,46685135149482E-08
110383	35136	3,14159266848816	1,48983669845393E-08
220766	70272	3,14159266848816	1,48983669845393E-08
331149	105408	3,14159266848816	1,48983669845393E-08
296004	94221	3,14159263858376	1,50060377457351E-08
98668	31407	3,14159263858376	1,50060377457351E-08
197336	62814	3,14159263858376	1,50060377457351E-08
331504	105521	3,14159266875788	1,51680845661417E-08
221121	70385	3,14159266889252	1,53027266414085E-08
295649	94108	3,14159263824542	1,53443728834191E-08
331859	105634	3,14159266902702	1,54372248317713E-08
196981	62701	3,14159263807595	1,55138453195036E-08
295294	93995	3,14159263790627	1,56835215925355E-08
221476	70498	3,14159266929558	1,5705789557785E-08
110738	35249	3,14159266929558	1,5705789557785E-08
332214	105747	3,14159266929558	1,5705789557785E-08
332569	105860	3,14159266956357	1,5973781408718E-08
196626	62588	3,14159263756631	1,60234865376196E-08
98313	31294	3,14159263756631	1,60234865376196E-08
294939	93882	3,14159263756631	1,60234865376196E-08
221831	70611	3,14159266969736	1,61075628390961E-08
332924	105973	3,14159266983099	1,62412017168379E-08
294584	93769	3,14159263722552	1,6364270827296E-08
222186	70724	3,14159267009784	1,65080518144123E-08
111093	35362	3,14159267009784	1,65080518144123E-08
333279	106086	3,14159267009784	1,65080518144123E-08
196271	62475	3,14159263705482	1,65349711700458E-08
294229	93656	3,14159263688392	1,67058775701889E-08
333634	106199	3,14159267036413	1,67743348100657E-08
222541	70837	3,14159267049706	1,69072635891609E-08
333989	106312	3,14159267062984	1,70400511478874E-08
293874	93543	3,14159263654148	1,70483094308338E-08
97958	31181	3,14159263654148	1,70483094308338E-08
195916	62362	3,14159263654148	1,70483094308338E-08
222896	70950	3,141592670895	1,73052034924126E-08
111448	35475	3,141592670895	1,73052034924126E-08
334344	106425	3,141592670895	1,73052034924126E-08
293519	93430	3,14159263619822	1,73915699619442E-08
195561	62249	3,14159263602628	1,75635115340356E-08
334699	106538	3,14159267115959	1,75697931759089E-08
223251	71063	3,14159267129167	1,77018777414162E-08
293164	93317	3,14159263585413	1,77356613839663E-08
335054	106651	3,14159267142362	1,78338224188224E-08
97603	31068	3,14159263550921	1,80805876937029E-08
195206	62136	3,14159263550921	1,80805876937029E-08
292809	93204	3,14159263550921	1,80805876937029E-08
111803	35588	3,14159267168709	1,80972925534206E-08
223606	71176	3,14159267168709	1,80972925534206E-08
335409	106764	3,14159267168709	1,80972925534206E-08
335764	106877	3,14159267195	1,83602053560605E-08
292454	93091	3,14159263516344	1,84263511116001E-08
223961	71289	3,14159267208125	1,84914537015857E-08
194851	62023	3,14159263499025	1,85995476797984E-08
336119	106990	3,14159267221236	1,86225630471881E-08
292099	92978	3,14159263481684	1,87729547462823E-08
112158	35701	3,14159267247416	1,88843674031602E-08
224316	71402	3,14159267247416	1,88843674031602E-08
336474	107103	3,14159267247416	1,88843674031602E-08
194496	61910	3,14159263446939	1,91204021504632E-08
291744	92865	3,14159263446939	1,91204021504632E-08
97248	30955	3,14159263446939	1,91204021504632E-08
336829	107216	3,14159267273541	1,91456193121553E-08
224671	71515	3,14159267286583	1,92760394313041E-08
337184	107329	3,14159267299611	1,94063214387086E-08
291389	92752	3,1415926341211	1,94686959886781E-08
194141	61797	3,14159263394663	1,9643161319749E-08
112513	35814	3,14159267325627	1,96664755591769E-08
225026	71628	3,14159267325627	1,96664755591769E-08
337539	107442	3,14159267325627	1,96664755591769E-08
291034	92639	3,14159263377195	1,98178398136406E-08
337894	107555	3,14159267351588	1,99260825617387E-08
225381	71741	3,14159267364547	2,00556815599384E-08
193786	61684	3,14159263342196	2,01678358457968E-08
290679	92526	3,14159263342196	2,01678358457968E-08
96893	30842	3,14159263342196	2,01678358457968E-08
338249	107668	3,14159267377494	2,018514466684E-08
112868	35927	3,14159267403346	2,04436636508376E-08
225736	71854	3,14159267403346	2,04436636508376E-08
338604	107781	3,14159267403346	2,04436636508376E-08
290324	92413	3,1415926330711	2,05186885260389E-08
193431	61571	3,14159263289536	2,06944363867478E-08
338959	107894	3,14159267429143	2,07016412900884E-08
226091	71967	3,14159267442022	2,0830427160945E-08
289969	92300	3,14159263271939	2,08703996307236E-08
339314	108007	3,14159267454887	2,09590789168601E-08
226446	72080	3,14159267480577	2,12159783075094E-08
113223	36040	3,14159267480577	2,12159783075094E-08
339669	108120	3,14159267480577	2,12159783075094E-08
193076	61458	3,14159263236682	2,1222973600743E-08
289614	92187	3,14159263236682	2,1222973600743E-08
96538	30729	3,14159263236682	2,1222973600743E-08
340024	108233	3,14159267506213	2,14723412383933E-08
289259	92074	3,14159263201338	2,15764126565432E-08
226801	72193	3,14159267519012	2,16003224196015E-08
340379	108346	3,14159267531796	2,17281694858684E-08
192721	61345	3,14159263183634	2,17534577018341E-08
288904	91961	3,14159263165907	2,19307203508379E-08
113578	36153	3,14159267557326	2,19834648262918E-08
227156	72306	3,14159267557326	2,19834648262918E-08
340734	108459	3,14159267557326	2,19834648262918E-08
341089	108572	3,14159267582802	2,22382290360201E-08
288549	91848	3,14159263130389	2,22858997922515E-08
192366	61232	3,14159263130389	2,22858997922515E-08
96183	30616	3,14159263130389	2,22858997922515E-08
227511	72419	3,14159267595521	2,23654121889183E-08
341444	108685	3,14159267608226	2,24924630032319E-08
288194	91735	3,14159263094784	2,26419540894085E-08
341799	108798	3,14159267633596	2,27461689483732E-08
227866	72532	3,14159267633596	2,27461689483732E-08
113933	36266	3,14159267633596	2,27461689483732E-08
192011	61119	3,14159263076948	2,28203105301361E-08
287839	91622	3,14159263059091	2,29988867950226E-08
342154	108911	3,14159267658914	2,29993486478008E-08
228221	72645	3,14159267671553	2,31257413219055E-08
342509	109024	3,1415926768418	2,32520029896932E-08
287484	91509	3,14159263023309	2,33567014618075E-08
191656	61006	3,14159263023309	2,33567014618075E-08
95828	30503	3,14159263023309	2,33567014618075E-08
228576	72758	3,14159267709393	2,35041346385856E-08
114288	36379	3,14159267709393	2,35041346385856E-08
342864	109137	3,14159267709393	2,35041346385856E-08
287129	91396	3,14159262987439	2,37154003102091E-08
343219	109250	3,14159267734554	2,37557444826564E-08
228931	72871	3,14159267747115	2,38813546715733E-08
191301	60893	3,14159262969471	2,38950828013174E-08
343574	109363	3,14159267759663	2,40068347423517E-08
286774	91283	3,14159262951481	2,40749873370305E-08
114643	36492	3,1415926778472	2,42574063058498E-08
343929	109476	3,1415926778472	2,42574063058498E-08
229286	72984	3,1415926778472	2,42574063058498E-08
286419	91170	3,14159262915433	2,44354660949853E-08
190946	60780	3,14159262915433	2,44354660949853E-08
95473	30390	3,14159262915433	2,44354660949853E-08
344284	109589	3,14159267809725	2,45074609495077E-08
229641	73097	3,14159267822209	2,4632295314575E-08
344639	109702	3,14159267834679	2,47570008937714E-08
286064	91057	3,14159262879295	2,47968392486086E-08
190591	60667	3,14159262861193	2,49778624450414E-08
114998	36605	3,14159267859582	2,50060270268193E-08
229996	73210	3,14159267859582	2,50060270268193E-08
344994	109815	3,14159267859582	2,50060270268193E-08
285709	90944	3,14159262843068	2,51591103506144E-08
345349	109928	3,14159267884433	2,52545415690975E-08
230351	73323	3,1415926789684	2,53786067716533E-08
345704	110041	3,14159267909234	2,55025454087843E-08
285354	90831	3,14159262806751	2,55222829537161E-08
190236	60554	3,14159262806751	2,55222829537161E-08
95118	30277	3,14159262806751	2,55222829537161E-08
346059	110154	3,14159267933983	2,57500403222366E-08
230706	73436	3,14159267933983	2,57500403222366E-08
115353	36718	3,14159267933983	2,57500403222366E-08
284999	90718	3,14159262770343	2,58863606106274E-08
346414	110267	3,14159267958682	2,59970280858113E-08
189881	60441	3,14159262752105	2,60687396114179E-08
231061	73549	3,14159267971013	2,61203321194614E-08
346769	110380	3,1415926798333	2,62435100317759E-08
284644	90605	3,14159262733845	2,62513459858837E-08
115708	36831	3,14159268007928	2,64894879364874E-08
231416	73662	3,14159268007928	2,64894879364874E-08
347124	110493	3,14159268007928	2,64894879364874E-08
189526	60328	3,14159262697255	2,66172430762879E-08
284289	90492	3,14159262697255	2,66172430762879E-08
94763	30164	3,14159262697255	2,66172430762879E-08
347479	110606	3,14159268032476	2,67349631322134E-08
231771	73775	3,14159268044731	2,68575131023852E-08
347834	110719	3,14159268056973	2,69799373953106E-08
283934	90379	3,14159262660574	2,69840549904643E-08
189171	60215	3,14159262642199	2,71678053387348E-08
232126	73888	3,14159268081421	2,72244120580467E-08
348189	110832	3,14159268081421	2,72244120580467E-08
116063	36944	3,14159268081421	2,72244120580467E-08
283579	90266	3,14159262623801	2,73517852811267E-08
348544	110945	3,14159268105818	2,74683888967786E-08
232481	74001	3,14159268117998	2,7590191020721E-08
348899	111058	3,14159268130166	2,77118692437739E-08
283224	90153	3,14159262586936	2,77204375009887E-08
188816	60102	3,14159262586936	2,77204375009887E-08
94408	30051	3,14159262586936	2,77204375009887E-08
116418	37057	3,14159268154465	2,79548544313002E-08
349254	111171	3,14159268154465	2,79548544313002E-08
232836	74114	3,14159268154465	2,79548544313002E-08
282869	90040	3,14159262549978	2,80900152027641E-08
349609	111284	3,14159268178714	2,81973462357143E-08
188461	59989	3,14159262531464	2,82751519975477E-08
233191	74227	3,1415926819082	2,83184076188547E-08
349964	111397	3,14159268202914	2,8439345989284E-08
282514	89927	3,14159262512927	2,84605214950773E-08
350319	111510	3,14159268227065	2,8680855468366E-08
233546	74340	3,14159268227065	2,8680855468366E-08
116773	37170	3,14159268227065	2,8680855468366E-08
282159	89814	3,14159262475783	2,88319603747311E-08
188106	59876	3,14159262475783	2,88319603747311E-08
94053	29938	3,14159262475783	2,88319603747311E-08
350674	111623	3,14159268251167	2,89218755611387E-08
233901	74453	3,141592682632	2,90422028648152E-08
351029	111736	3,1415926827522	2,91624084880482E-08
281804	89701	3,14159262438546	2,92043349503501E-08
187751	59763	3,14159262419892	2,93908741788584E-08
234256	74566	3,14159268299225	2,94024555813621E-08
351384	111849	3,14159268299225	2,94024555813621E-08
117128	37283	3,14159268299225	2,94024555813621E-08
281449	89588	3,14159262401214	2,9577648774648E-08
351739	111962	3,14159268323181	2,96420177292589E-08
234611	74679	3,14159268335141	2,97616176148097E-08
352094	112075	3,14159268347089	2,98810967080954E-08
187396	59650	3,14159262363789	2,99519054003383E-08
281094	89475	3,14159262363789	2,99519054003383E-08
93698	29825	3,14159262363789	2,99519054003383E-08
117483	37396	3,14159268370949	3,01196947383175E-08
234966	74792	3,14159268370949	3,01196947383175E-08
352449	112188	3,14159268370949	3,01196947383175E-08
280739	89362	3,14159262326268	3,03271088242241E-08
352804	112301	3,1415926839476	3,03578118199255E-08
235321	74905	3,14159268406648	3,04766909486887E-08
187041	59537	3,14159262307473	3,05150664736686E-08
353159	112414	3,14159268418524	3,05954506174544E-08
280384	89249	3,14159262288653	3,07032621549297E-08
235676	75018	3,14159268442241	3,08326120190827E-08
117838	37509	3,14159268442241	3,08326120190827E-08
353514	112527	3,14159268442241	3,08326120190827E-08
353869	112640	3,14159268465909	3,10692978011673E-08
186686	59424	3,14159262250942	3,10803693892581E-08
280029	89136	3,14159262250942	3,10803693892581E-08
93343	29712	3,14159262250942	3,10803693892581E-08
236031	75131	3,14159268477726	3,11874623903918E-08
354224	112753	3,1415926848953	3,13055088518865E-08
279674	89023	3,14159262213136	3,14584336358337E-08
354579	112866	3,14159268513104	3,15412473916865E-08
118193	37622	3,14159268513104	3,15412473916865E-08
236386	75244	3,14159268513104	3,15412473916865E-08
186331	59311	3,14159262194197	3,16478261375153E-08
354934	112979	3,14159268536631	3,17765138646564E-08
279319	88910	3,14159262175233	3,18374593355486E-08
236741	75357	3,14159268548376	3,18939710197697E-08
355289	113092	3,1415926856011	3,20113104912423E-08
185976	59198	3,14159262137234	3,22174495970273E-08
278964	88797	3,14159262137234	3,22174495970273E-08
92988	29599	3,14159262137234	3,22174495970273E-08
237096	75470	3,14159268583543	3,22456381596226E-08
355644	113205	3,14159268583543	3,22456381596226E-08
118548	37735	3,14159268583543	3,22456381596226E-08
355999	113318	3,14159268606929	3,24794986461541E-08
237451	75583	3,14159268618605	3,25962541403157E-08
278609	88684	3,14159262099139	3,25984079729835E-08
356354	113431	3,14159268630269	3,27128932831044E-08
185621	59085	3,14159262080054	3,27892513141137E-08
118903	37848	3,14159268653562	3,29458229586521E-08
237806	75696	3,14159268653562	3,29458229586521E-08
356709	113544	3,14159268653562	3,29458229586521E-08
278254	88571	3,14159262060945	3,29803384602201E-08
357064	113657	3,14159268676808	3,31782898932431E-08
238161	75809	3,14159268688414	3,32943499437022E-08
185266	58972	3,14159262022655	3,33632450555399E-08
277899	88458	3,14159262022655	3,33632450555399E-08
92633	29486	3,14159262022655	3,33632450555399E-08
357419	113770	3,14159268700009	3,34102949750559E-08
119258	37961	3,14159268723163	3,3641839536358E-08
238516	75922	3,14159268723163	3,3641839536358E-08
357774	113883	3,14159268723163	3,3641839536358E-08
277544	88345	3,14159261984266	3,37471308675674E-08
358129	113996	3,14159268746272	3,38729249094172E-08
184911	58859	3,14159261965035	3,39394423676254E-08
238871	76035	3,14159268757809	3,39882957334225E-08
358484	114109	3,14159268769335	3,41035528705902E-08
277189	88232	3,14159261945779	3,41319998931056E-08
358839	114222	3,14159268792352	3,43337243080555E-08
239226	76148	3,14159268792352	3,43337243080555E-08
119613	38074	3,14159268792352	3,43337243080555E-08
184556	58746	3,14159261907194	3,45178561289572E-08
276834	88119	3,14159261907194	3,45178561289572E-08
92278	29373	3,14159261907194	3,45178561289572E-08
359194	114335	3,14159268815323	3,45634409981699E-08
239581	76261	3,14159268826792	3,46781288129705E-08
359549	114448	3,1415926883825	3,47927038291118E-08
276479	88006	3,14159261868509	3,49047035719252E-08
119968	38187	3,14159268861131	3,50215145772381E-08
239936	76374	3,14159268861131	3,50215145772381E-08
359904	114561	3,14159268861131	3,50215145772381E-08
184201	58633	3,14159261849129	3,50984996622117E-08
276124	87893	3,14159261829725	3,52925453306341E-08
240291	76487	3,14159268895368	3,5363885153572E-08
183846	58520	3,14159261790841	3,56813858459759E-08
275769	87780	3,14159261790841	3,56813858459759E-08
91923	29260	3,14159261790841	3,56813858459759E-08
240646	76600	3,14159268929504	3,57052458710427E-08
120323	38300	3,14159268929504	3,57052458710427E-08
241001	76713	3,14159268963539	3,60456011705423E-08
275414	87667	3,14159261751856	3,60712286706644E-08
183491	58407	3,14159261732327	3,62665271147478E-08
241356	76826	3,14159268997475	3,63849550488737E-08
120678	38413	3,14159268997475	3,63849550488737E-08
275059	87554	3,14159261712772	3,64620778015023E-08
241711	76939	3,1415926903131	3,6723311946929E-08
183136	58294	3,14159261673586	3,68539367912035E-08
274704	87441	3,14159261673586	3,68539367912035E-08
91568	29147	3,14159261673586	3,68539367912035E-08
242066	77052	3,14159269065047	3,70606767496895E-08
121033	38526	3,14159269065047	3,70606767496895E-08
274349	87328	3,14159261634298	3,72468105247492E-08
242421	77165	3,14159269098685	3,73970534539581E-08
182781	58181	3,14159261614616	3,74436286421087E-08
273994	87215	3,14159261594909	3,76407016666747E-08
242776	77278	3,14159269132224	3,77324460565376E-08
121388	38639	3,14159269132224	3,77324460565376E-08
182426	58068	3,14159261555418	3,80356151019612E-08
273639	87102	3,14159261555418	3,80356151019612E-08
91213	29034	3,14159261555418	3,80356151019612E-08
243131	77391	3,14159269165665	3,80668594424094E-08
243486	77504	3,14159269199009	3,84002976083764E-08
121743	38752	3,14159269199009	3,84002976083764E-08
273284	86989	3,14159261515824	3,84315548274117E-08
182071	57955	3,14159261495988	3,86299103816157E-08
243841	77617	3,14159269232256	3,87327649953306E-08
272929	86876	3,14159261476127	3,88285243957398E-08
244196	77730	3,14159269265406	3,9064265600075E-08
122098	38865	3,14159269265406	3,9064265600075E-08
181716	57842	3,14159261436327	3,92265278037485E-08
272574	86763	3,14159261436327	3,92265278037485E-08
90858	28921	3,14159261436327	3,92265278037485E-08
244551	77843	3,1415926929846	3,93948043075909E-08
272219	86650	3,14159261396422	3,96255690482405E-08
244906	77956	3,14159269331418	3,97243842265027E-08
122453	38978	3,14159269331418	3,97243842265027E-08
181361	57729	3,14159261376431	3,98254806910359E-08
271864	86537	3,14159261356414	4,00256530141974E-08
245261	78069	3,1415926936428	4,00530102417918E-08
245616	78182	3,14159269397048	4,03806859061717E-08
122808	39091	3,14159269397048	4,03806859061717E-08
181006	57616	3,14159261316301	4,04267828102434E-08
271509	86424	3,14159261316301	4,04267828102434E-08
90503	28808	3,14159261316301	4,04267828102434E-08
245971	78295	3,14159269429721	4,07074161046239E-08
271154	86311	3,14159261276083	4,08289628772707E-08
180651	57503	3,14159261255934	4,10304483722257E-08
246326	78408	3,141592694623	4,1033204389862E-08
123163	39204	3,141592694623	4,1033204389862E-08
270799	86198	3,1415926123576	4,12321976561714E-08
246681	78521	3,14159269494785	4,13580552027781E-08
180296	57390	3,1415926119533	4,16364911437483E-08
270444	86085	3,1415926119533	4,16364911437483E-08
90148	28695	3,1415926119533	4,16364911437483E-08
247036	78634	3,14159269527177	4,16819720960859E-08
123518	39317	3,14159269527177	4,16819720960859E-08
247391	78747	3,14159269559475	4,20049595106775E-08
270089	85972	3,14159261154795	4,20418473368045E-08
179941	57277	3,14159261134487	4,2244925335666E-08
359882	114554	3,14159261134487	4,2244925335666E-08
247746	78860	3,14159269591681	4,23270214433558E-08
123873	39430	3,14159269591681	4,23270214433558E-08
269734	85859	3,14159261114152	4,24482702321427E-08
359527	114441	3,14159261103975	4,25500434886317E-08
248101	78973	3,14159269623795	4,26481614468344E-08
179586	57164	3,14159261073403	4,28557647147443E-08
89793	28582	3,14159261073403	4,28557647147443E-08
359172	114328	3,14159261073403	4,28557647147443E-08
269379	85746	3,14159261073403	4,28557647147443E-08
248456	79086	3,14159269655818	4,29683839620054E-08
124228	39543	3,14159269655818	4,29683839620054E-08
358817	114215	3,1415926104277	4,31620907903607E-08
269024	85633	3,14159261032546	4,32643343373229E-08
248811	79199	3,14159269687749	4,32876925415826E-08
179231	57051	3,14159261012077	4,3469023935927E-08
358462	114102	3,14159261012077	4,3469023935927E-08
249166	79312	3,14159269719588	4,3606091626458E-08
124583	39656	3,14159269719588	4,3606091626458E-08
268669	85520	3,14159260991581	4,36739839848599E-08
358107	113989	3,14159260981323	4,37765654837108E-08
249521	79425	3,14159269751338	4,39235843252561E-08
89438	28469	3,14159260950508	4,40847172100689E-08
357752	113876	3,14159260950508	4,40847172100689E-08
178876	56938	3,14159260950508	4,40847172100689E-08
268314	85407	3,14159260950508	4,40847172100689E-08
249876	79538	3,14159269782997	4,4240175078869E-08
124938	39769	3,14159269782997	4,4240175078869E-08
357397	113763	3,14159260919631	4,43934813354474E-08
267959	85294	3,14159260909325	4,44965393420205E-08
250231	79651	3,14159269814566	4,45558674400104E-08
357042	113650	3,14159260888693	4,47028596362031E-08
178521	56825	3,14159260888693	4,47028596362031E-08
250586	79764	3,14159269846046	4,48706654054831E-08
125293	39882	3,14159269846046	4,48706654054831E-08
267604	85181	3,14159260868034	4,49094534893391E-08
356687	113537	3,14159260857694	4,50128534446037E-08
250941	79877	3,14159269877437	4,51845725280009E-08
89083	28356	3,14159260826633	4,53234649810952E-08
178166	56712	3,14159260826633	4,53234649810952E-08
267249	85068	3,14159260826633	4,53234649810952E-08
356332	113424	3,14159260826633	4,53234649810952E-08
251296	79990	3,14159269908739	4,54975928043666E-08
125648	39995	3,14159269908739	4,54975928043666E-08
355977	113311	3,1415926079551	4,56346960220344E-08
266894	84955	3,14159260785122	4,57385778140917E-08
251651	80103	3,14159269939952	4,58097297872939E-08
177811	56599	3,14159260764324	4,59465483437782E-08
355622	113198	3,14159260764324	4,59465483437782E-08
252006	80216	3,14159269971078	4,61209879176749E-08
126003	40108	3,14159269971078	4,61209879176749E-08
266539	84842	3,141592607435	4,61547964292208E-08
355267	113085	3,14159260733077	4,62590241667726E-08
252361	80329	3,14159270002116	4,64313698600449E-08
88728	28243	3,14159260701767	4,65721248232853E-08
177456	56486	3,14159260701767	4,65721248232853E-08
354912	112972	3,14159260701767	4,65721248232853E-08
266184	84729	3,14159260701767	4,65721248232853E-08
126358	40221	3,14159270033067	4,6740880055296E-08
252716	80442	3,14159270033067	4,6740880055296E-08
354557	112859	3,14159260670394	4,68858529778515E-08
265829	84616	3,14159260659922	4,69905683253558E-08
253071	80555	3,14159270063931	4,70495216120526E-08
177101	56373	3,14159260638958	4,72002095186497E-08
354202	112746	3,14159260638958	4,72002095186497E-08
253426	80668	3,14159270094709	4,73572985271176E-08
126713	40334	3,14159270094709	4,73572985271176E-08
265474	84503	3,14159260617966	4,7410130932235E-08
353847	112633	3,1415926060746	4,75151966661258E-08
253781	80781	3,14159270125401	4,76642147972939E-08
176746	56260	3,14159260575898	4,78308170848152E-08
353492	112520	3,14159260575898	4,78308170848152E-08
88373	28130	3,14159260575898	4,78308170848152E-08
265119	84390	3,14159260575898	4,78308170848152E-08
254136	80894	3,14159270156007	4,79702730871168E-08
127068	40447	3,14159270156007	4,79702730871168E-08
353137	112407	3,14159260544272	4,81470716628962E-08
264764	84277	3,14159260533716	4,82526312239884E-08
254491	81007	3,14159270186527	4,82754778374783E-08
176391	56147	3,14159260512583	4,8463962620815E-08
352782	112294	3,14159260512583	4,8463962620815E-08
127423	40560	3,14159270216963	4,8579832157003E-08
254846	81120	3,14159270216963	4,8579832157003E-08
264409	84164	3,14159260491422	4,86755777906467E-08
352427	112181	3,1415926048083	4,87814921790175E-08
255201	81233	3,14159270247313	4,88833395984045E-08
264054	84051	3,14159260449013	4,90996621138606E-08
88018	28017	3,14159260449013	4,90996621138606E-08
176036	56034	3,14159260449013	4,90996621138606E-08
352072	112068	3,14159260449013	4,90996621138606E-08
255556	81346	3,1415927027758	4,91860041584857E-08
127778	40673	3,1415927027758	4,91860041584857E-08
351717	111955	3,14159260417132	4,94184742017012E-08
255911	81459	3,14159270307762	4,94878289458711E-08
263699	83938	3,1415926040649	4,95248881904331E-08
175681	55921	3,14159260385186	4,97379306629853E-08
351362	111842	3,14159260385186	4,97379306629853E-08
128133	40786	3,14159270337861	4,97888170691851E-08
256266	81572	3,14159270337861	4,97888170691851E-08
263344	83825	3,14159260363853	4,99512604612562E-08
351007	111729	3,14159260353176	5,00580332740697E-08
256621	81685	3,14159270367877	5,00889729693199E-08
87663	27904	3,14159260321101	5,03787838113112E-08
175326	55808	3,14159260321101	5,03787838113112E-08
262989	83712	3,14159260321101	5,03787838113112E-08
350652	111616	3,14159260321101	5,03787838113112E-08
128488	40899	3,14159270397809	5,03882993108107E-08
256976	81798	3,14159270397809	5,03882993108107E-08
257331	81911	3,14159270427659	5,06867996463711E-08
350297	111503	3,14159260288961	5,07001849392452E-08
262634	83599	3,14159260278233	5,08074631255795E-08
128843	41012	3,14159270457427	5,09844779728041E-08
257686	82024	3,14159270457427	5,09844779728041E-08
174971	55695	3,14159260256756	5,10222375460501E-08
349942	111390	3,14159260256756	5,10222375460501E-08
262279	83486	3,14159260235249	5,12373028449531E-08
258041	82137	3,14159270487113	5,1281336954645E-08
349587	111277	3,14159260224485	5,13449447403502E-08
258396	82250	3,14159270516717	5,15773801446073E-08
129198	41125	3,14159270516717	5,15773801446073E-08
87308	27791	3,14159260192149	5,16683078544133E-08
174616	55582	3,14159260192149	5,16683078544133E-08
349232	111164	3,14159260192149	5,16683078544133E-08
261924	83373	3,14159260192149	5,16683078544133E-08
258751	82363	3,1415927054624	5,18726110954049E-08
348877	111051	3,14159260159746	5,19923291086855E-08
261569	83260	3,14159260148931	5,21004825948523E-08
259106	82476	3,14159270575683	5,21670329156621E-08
129553	41238	3,14159270575683	5,21670329156621E-08
174261	55469	3,14159260127278	5,23170102795234E-08
348522	110938	3,14159260127278	5,23170102795234E-08
259461	82589	3,14159270605044	5,24606496021818E-08
261214	83147	3,14159260105596	5,25338319512514E-08
348167	110825	3,14159260094744	5,26423535873732E-08
129908	41351	3,14159270634326	5,27534633754101E-08
259816	82702	3,14159270634326	5,27534633754101E-08
173906	55356	3,14159260062143	5,29683608085918E-08
86953	27678	3,14159260062143	5,29683608085918E-08
347812	110712	3,14159260062143	5,29683608085918E-08
260859	83034	3,14159260062143	5,29683608085918E-08
260171	82815	3,14159270663527	5,30454782321499E-08
347457	110599	3,14159260029476	5,32950346077143E-08
130263	41464	3,14159270692649	5,33366972810256E-08
260526	82928	3,14159270692649	5,33366972810256E-08
260504	82921	3,14159260018572	5,34040740518549E-08
347102	110486	3,14159259996742	5,36223763170085E-08
173551	55243	3,14159259996742	5,36223763170085E-08
260881	83041	3,14159270721692	5,36271236306618E-08
260149	82808	3,14159259974882	5,38409765660219E-08
130618	41577	3,14159270750655	5,39167608337721E-08
261236	83154	3,14159270750655	5,39167608337721E-08
346747	110373	3,1415925996394	5,39503886010095E-08
261591	83267	3,1415927077954	5,42056119989809E-08
86598	27565	3,14159259931072	5,42790727919851E-08
259794	82695	3,14159259931072	5,42790727919851E-08
173196	55130	3,14159259931072	5,42790727919851E-08
346392	110260	3,14159259931072	5,42790727919851E-08
130973	41690	3,14159270808347	5,44936802349127E-08
261946	83380	3,14159270808347	5,44936802349127E-08
346037	110147	3,14159259898136	5,46084319985596E-08
259439	82582	3,14159259887142	5,4718368502904E-08
262301	83493	3,14159270837076	5,47809686501921E-08
172841	55017	3,14159259865133	5,49384671089115E-08
345682	110034	3,14159259865133	5,49384671089115E-08
131328	41803	3,14159270865727	5,50674803534434E-08
262656	83606	3,14159270865727	5,50674803534434E-08
259084	82469	3,14159259843093	5,51588676955817E-08
345327	109921	3,14159259832061	5,52691812316652E-08
263011	83719	3,14159270894301	5,53532184532912E-08
172486	54904	3,14159259798922	5,56005756990885E-08
86243	27452	3,14159259798922	5,56005756990885E-08
344972	109808	3,14159259798922	5,56005756990885E-08
258729	82356	3,14159259798922	5,56005756990885E-08
131683	41916	3,14159270922798	5,56381865024491E-08
263366	83832	3,14159270922798	5,56381865024491E-08
263721	83945	3,14159270951218	5,59223876095416E-08
344617	109695	3,14159259765714	5,59326527316273E-08
258374	82243	3,1415925975463	5,60434973984059E-08
264076	84058	3,14159270979562	5,62058239950147E-08
132038	42029	3,14159270979562	5,62058239950147E-08
172131	54791	3,14159259732438	5,62654149938169E-08
344262	109582	3,14159259732438	5,62654149938169E-08
258019	82130	3,14159259710215	5,64876381226043E-08
264431	84171	3,14159271007829	5,64885000997606E-08
343907	109469	3,14159259699093	5,65988642620141E-08
132393	42142	3,14159271036021	5,6770417700136E-08
264786	84284	3,14159271036021	5,6770417700136E-08
171776	54678	3,14159259665679	5,69330023125758E-08
85888	27339	3,14159259665679	5,69330023125758E-08
257664	82017	3,14159259665679	5,69330023125758E-08
343552	109356	3,14159259665679	5,69330023125758E-08
265141	84397	3,14159271064137	5,70515803488547E-08
343197	109243	3,14159259632196	5,72678318100373E-08
265496	84510	3,14159271092178	5,73319911545411E-08
132748	42255	3,14159271092178	5,73319911545411E-08
257309	81904	3,1415925962102	5,73795957414802E-08
342842	109130	3,14159259598644	5,76033549748445E-08
171421	54565	3,14159259598644	5,76033549748445E-08
265851	84623	3,14159271120145	5,76116532258197E-08
256954	81791	3,14159259576237	5,78274232942988E-08
266206	84736	3,14159271148036	5,78905692272258E-08
133103	42368	3,14159271148036	5,78905692272258E-08
342487	109017	3,14159259565022	5,79395735833543E-08
266561	84849	3,14159271175854	5,8168742711473E-08
85533	27226	3,1415925953133	5,82764898560129E-08
342132	108904	3,1415925953133	5,82764898560129E-08
171066	54452	3,1415925953133	5,82764898560129E-08
256599	81678	3,1415925953133	5,82764898560129E-08
266916	84962	3,14159271203597	5,84461758990074E-08
133458	42481	3,14159271203597	5,84461758990074E-08
341777	108791	3,14159259497569	5,86141055691769E-08
267271	85075	3,14159271231267	5,87228723425426E-08
256244	81565	3,14159259486299	5,87268003116037E-08
170711	54339	3,14159259463737	5,89524238314709E-08
341422	108678	3,14159259463737	5,89524238314709E-08
133813	42594	3,14159271258863	5,89988342625247E-08
267626	85188	3,14159271258863	5,89988342625247E-08
255889	81452	3,14159259441143	5,91783604342311E-08
267981	85301	3,14159271286386	5,92740656557567E-08
341067	108565	3,14159259429835	5,92914464192518E-08
268336	85414	3,14159271313836	5,95485682985952E-08
134168	42707	3,14159271313836	5,95485682985952E-08
255534	81339	3,14159259395862	5,96311755529655E-08
85178	27113	3,14159259395862	5,96311755529655E-08
170356	54226	3,14159259395862	5,96311755529655E-08
340712	108452	3,14159259395862	5,96311755529655E-08
268691	85527	3,14159271341214	5,98223457437541E-08
340357	108339	3,14159259361818	5,99716130089689E-08
255179	81226	3,14159259350454	6,0085250108699E-08
134523	42820	3,14159271368519	6,00954006557686E-08
269046	85640	3,14159271368519	6,00954006557686E-08
340002	108226	3,14159259327703	6,03127618958865E-08
170001	54113	3,14159259327703	6,03127618958865E-08
269401	85753	3,14159271395753	6,03677361432631E-08
254824	81113	3,1415925930492	6,05405903186806E-08
134878	42933	3,14159271422915	6,06393544266837E-08
269756	85866	3,14159271422915	6,06393544266837E-08
339647	108113	3,14159259293517	6,06546235459859E-08
270111	85979	3,14159271450005	6,0910259058744E-08
254469	81000	3,14159259259259	6,09972006238024E-08
84823	27000	3,14159259259259	6,09972006238024E-08
169646	54000	3,14159259259259	6,09972006238024E-08
339292	108000	3,14159259259259	6,09972006238024E-08
135233	43046	3,14159271477025	6,11804527039794E-08
270466	86092	3,14159271477025	6,11804527039794E-08
338937	107887	3,1415925922493	6,1340495349782E-08
270821	86205	3,14159271503973	6,14499375828359E-08
254114	80887	3,14159259213471	6,14550867972241E-08
169291	53887	3,14159259190528	6,16845099443708E-08
338582	107774	3,14159259190528	6,16845099443708E-08
135588	43159	3,14159271530851	6,17187172480271E-08
271176	86318	3,14159271530851	6,17187172480271E-08
253759	80774	3,14159259167554	6,19142541680162E-08
271531	86431	3,14159271557659	6,19867939199992E-08
338227	107661	3,14159259156055	6,20292466280148E-08
135943	43272	3,14159271584396	6,22541707073765E-08
271886	86544	3,14159271584396	6,22541707073765E-08
168936	53774	3,14159259121509	6,237470762116E-08
84468	26887	3,14159259121509	6,237470762116E-08
253404	80661	3,14159259121509	6,237470762116E-08
337872	107548	3,14159259121509	6,237470762116E-08
272241	86657	3,14159271611064	6,25208498306051E-08
337517	107435	3,1415925908689	6,27208955883418E-08
136298	43385	3,14159271637663	6,27868348423988E-08
272596	86770	3,14159271637663	6,27868348423988E-08
253049	80548	3,14159259075334	6,28364533739045E-08
272951	86883	3,14159271664192	6,30521275191143E-08
168581	53661	3,14159259052198	6,30678127500062E-08
337162	107322	3,14159259052198	6,30678127500062E-08
252694	80435	3,1415925902903	6,32994967553202E-08
136653	43498	3,14159271690652	6,33167314134653E-08
273306	86996	3,14159271690652	6,33167314134653E-08
336807	107209	3,14159259017433	6,34154608825099E-08
273661	87109	3,14159271717044	6,35806483018087E-08
84113	26774	3,14159258982595	6,37638426503884E-08
168226	53548	3,14159258982595	6,37638426503884E-08
252339	80322	3,14159258982595	6,37638426503884E-08
336452	107096	3,14159258982595	6,37638426503884E-08
137008	43611	3,14159271743367	6,38438817368581E-08
274016	87222	3,14159271743367	6,38438817368581E-08
274371	87335	3,14159271769623	6,41064339390596E-08
336097	106983	3,14159258947683	6,41129602740875E-08
251984	80209	3,1415925893603	6,42294968322688E-08
137363	43724	3,1415927179581	6,43683075729484E-08
274726	87448	3,1415927179581	6,43683075729484E-08
335742	106870	3,14159258912698	6,44628164181427E-08
167871	53435	3,14159258912698	6,44628164181427E-08
275081	87561	3,1415927182193	6,46295053030599E-08
251629	80096	3,14159258889333	6,46964650741211E-08
335387	106757	3,14159258877638	6,48134133029998E-08
137718	43837	3,14159271847982	6,48900297939292E-08
275436	87674	3,14159271847982	6,48900297939292E-08
275791	87787	3,14159271873968	6,51498837100917E-08
83758	26661	3,14159258842504	6,51647527050159E-08
251274	79983	3,14159258842504	6,51647527050159E-08
335032	106644	3,14159258842504	6,51647527050159E-08
167516	53322	3,14159258842504	6,51647527050159E-08
138073	43950	3,14159271899886	6,54090692719933E-08
276146	87900	3,14159271899886	6,54090692719933E-08
334677	106531	3,14159258807296	6,55168377328153E-08
250919	79870	3,14159258795543	6,56343654981129E-08
276501	88013	3,14159271925738	6,56675891441694E-08
167161	53209	3,14159258772012	6,5869670606844E-08
334322	106418	3,14159258772012	6,5869670606844E-08
138428	44063	3,14159271951524	6,59254464352443E-08
276856	88126	3,14159271951524	6,59254464352443E-08
250564	79757	3,14159258748448	6,61053087824826E-08
277211	88239	3,14159271977244	6,61826429215751E-08
333967	106305	3,14159258736654	6,62232535475482E-08
277566	88352	3,14159272002897	6,6439181711786E-08
138783	44176	3,14159272002897	6,6439181711786E-08
83403	26548	3,1415925870122	6,65775887753739E-08
250209	79644	3,1415925870122	6,65775887753739E-08
333612	106192	3,1415925870122	6,65775887753739E-08
166806	53096	3,1415925870122	6,65775887753739E-08
277921	88465	3,14159272028486	6,66950654704124E-08
333257	106079	3,14159258665711	6,69326789548563E-08
139138	44289	3,14159272054009	6,69502959738111E-08
278276	88578	3,14159272054009	6,69502959738111E-08
249854	79531	3,14159258653858	6,70512108058574E-08
278631	88691	3,14159272079467	6,72048758865174E-08
166451	52983	3,14159258630127	6,72885267505308E-08
332902	105966	3,14159258630127	6,72885267505308E-08
139493	44402	3,1415927210486	6,74588083171557E-08
278986	88804	3,1415927210486	6,74588083171557E-08
249499	79418	3,14159258606361	6,75261802030036E-08
332547	105853	3,14159258594466	6,7645133938754E-08
279341	88917	3,14159272130189	6,77120950420829E-08
279696	89030	3,14159272155453	6,79647391699234E-08
139848	44515	3,14159272155453	6,79647391699234E-08
83048	26435	3,14159258558729	6,80025036281506E-08
249144	79305	3,14159258558729	6,80025036281506E-08
166096	52870	3,14159258558729	6,80025036281506E-08
332192	105740	3,14159258558729	6,80025036281506E-08
280051	89143	3,14159272180654	6,82167424770341E-08
331837	105627	3,14159258522916	6,83606375950774E-08
140203	44628	3,1415927220579	6,84681076279503E-08
280406	89256	3,1415927220579	6,84681076279503E-08
248789	79192	3,14159258510961	6,84801859662798E-08
280761	89369	3,14159272230863	6,87188372872072E-08
165741	52757	3,14159258487025	6,87195389481587E-08
331482	105514	3,14159258487025	6,87195389481587E-08
248434	79079	3,14159258463056	6,89592338787293E-08
140558	44741	3,14159272255873	6,89689336752508E-08
281116	89482	3,14159272255873	6,89689336752508E-08
331127	105401	3,14159258451058	6,90792099078408E-08
281471	89595	3,14159272280819	6,92183994566165E-08
82693	26322	3,14159258415014	6,94396526945695E-08
165386	52644	3,14159258415014	6,94396526945695E-08
248079	78966	3,14159258415014	6,94396526945695E-08
330772	105288	3,14159258415014	6,94396526945695E-08
140913	44854	3,14159272305703	6,9467236407661E-08
281826	89708	3,14159272305703	6,9467236407661E-08
282181	89821	3,14159272330524	6,97154471929196E-08
330417	105175	3,14159258378892	6,98008699728803E-08
247724	78853	3,14159258366834	6,99214481869603E-08
141268	44967	3,14159272355283	6,99630344769275E-08
282536	89934	3,14159272355283	6,99630344769275E-08
165031	52531	3,14159258342693	7,01628644073082E-08
330062	105062	3,14159258342693	7,01628644073082E-08
282891	90047	3,14159272379979	7,02100004801309E-08
247369	78740	3,14159258318517	7,04046265731506E-08
283246	90160	3,14159272404614	7,04563469788866E-08
141623	45080	3,14159272404614	7,04563469788866E-08
329707	104949	3,14159258306415	7,05256382182995E-08
283601	90273	3,14159272429187	7,0702077081819E-08
164676	52418	3,1415925827006	7,08891940703893E-08
82338	26209	3,1415925827006	7,08891940703893E-08
247014	78627	3,1415925827006	7,08891940703893E-08
329352	104836	3,1415925827006	7,08891940703893E-08
141978	45193	3,14159272453699	7,09471925652849E-08
283956	90386	3,14159272453699	7,09471925652849E-08
284311	90499	3,14159272478149	7,11916960938197E-08
328997	104723	3,14159258233626	7,12535346281129E-08
246659	78514	3,14159258221464	7,13751564518361E-08
142333	45306	3,14159272502538	7,14355898878694E-08
284666	90612	3,14159272502538	7,14355898878694E-08
164321	52305	3,14159258197113	7,16186621119164E-08
328642	104610	3,14159258197113	7,16186621119164E-08
285021	90725	3,14159272526867	7,16788757237907E-08
246304	78401	3,14159258172727	7,18625190465616E-08
142688	45419	3,14159272551135	7,19215567102083E-08
285376	90838	3,14159272551135	7,19215567102083E-08
328287	104497	3,14159258160521	7,19845796304242E-08
285731	90951	3,14159272575343	7,21636346234789E-08
163966	52192	3,1415925812385	7,23512889599931E-08
81983	26096	3,1415925812385	7,23512889599931E-08
245949	78288	3,1415925812385	7,23512889599931E-08
327932	104384	3,1415925812385	7,23512889599931E-08
286086	91064	3,1415927259949	7,24051116840485E-08
143043	45532	3,1415927259949	7,24051116840485E-08
286441	91177	3,14159272623578	7,26459901123633E-08
327577	104271	3,141592580871	7,27187936533369E-08
245594	78175	3,14159258074832	7,28414719652903E-08
143398	45645	3,14159272647607	7,28862721288692E-08
286796	91290	3,14159272647607	7,28862721288692E-08
163611	52079	3,1415925805027	7,30870954868124E-08
327222	104158	3,1415925805027	7,30870954868124E-08
287151	91403	3,14159272671575	7,31259603981016E-08
245239	78062	3,14159258025672	7,33330742797023E-08
287506	91516	3,14159272695485	7,3365056252328E-08
143753	45758	3,14159272695485	7,3365056252328E-08
326867	104045	3,1415925801336	7,34561971249548E-08
287861	91629	3,14159272719336	7,3603562800173E-08
81628	25983	3,14159257976369	7,38261016763886E-08
163256	51966	3,14159257976369	7,38261016763886E-08
244884	77949	3,14159257976369	7,38261016763886E-08
326512	103932	3,14159257976369	7,38261016763886E-08
144108	45871	3,14159272743127	7,38414813739041E-08
288216	91742	3,14159272743127	7,38414813739041E-08
288571	91855	3,14159272766861	7,40788150821459E-08
326157	103819	3,14159257939298	7,41968109174707E-08
144463	45984	3,14159272790536	7,43155652571659E-08
288926	91968	3,14159272790536	7,43155652571659E-08
244529	77836	3,14159257926923	7,43205603725983E-08
289281	92081	3,14159272814153	7,45517345634994E-08
325802	103706	3,14159257902146	7,45683284009147E-08
162901	51853	3,14159257902146	7,45683284009147E-08
144818	46097	3,14159272837712	7,47873247775033E-08
289636	92194	3,14159272837712	7,47873247775033E-08
244174	77723	3,14159257877334	7,48164570296694E-08
325447	103593	3,14159257864914	7,49406567912558E-08
289991	92307	3,14159272861213	7,50223381196236E-08
145173	46210	3,14159272884657	7,52567768103063E-08
290346	92420	3,14159272884657	7,52567768103063E-08
81273	25870	3,141592578276	7,5313797864851E-08
162546	51740	3,141592578276	7,5313797864851E-08
243819	77610	3,141592578276	7,5313797864851E-08
325092	103480	3,141592578276	7,5313797864851E-08
290701	92533	3,14159272908044	7,54906430699975E-08
324737	103367	3,14159257790204	7,56877547303247E-08
145528	46323	3,14159272931373	7,57239386750541E-08
291056	92646	3,14159272931373	7,57239386750541E-08
243464	77497	3,1415925777772	7,58125886513028E-08
291411	92759	3,14159272954646	7,59566658459221E-08
324382	103254	3,14159257752726	7,60625300522122E-08
162191	51627	3,14159257752726	7,60625300522122E-08
145883	46436	3,14159272977862	7,61888268030475E-08
291766	92872	3,14159272977862	7,61888268030475E-08
243109	77384	3,14159257727696	7,63128364944521E-08
292121	92985	3,14159273001022	7,64204237668764E-08
324027	103141	3,14159257715167	7,64381269391379E-08
292476	93098	3,14159273024125	7,66514580696764E-08
146238	46549	3,14159273024125	7,66514580696764E-08
323672	103028	3,14159257677525	7,68145476115478E-08
80918	25757	3,14159257677525	7,68145476115478E-08
161836	51514	3,14159257677525	7,68145476115478E-08
242754	77271	3,14159257677525	7,68145476115478E-08
292831	93211	3,14159273047173	7,68819323759828E-08
146593	46662	3,14159273070164	7,71118484621525E-08
293186	93324	3,14159273070164	7,71118484621525E-08
323317	102915	3,141592576398	7,71917947339773E-08
242399	77158	3,14159257627206	7,7317728219839E-08
293541	93437	3,141592730931	7,73412085486314E-08
161481	51401	3,14159257601992	7,75698714150508E-08
322962	102802	3,14159257601992	7,75698714150508E-08
293896	93550	3,14159273115981	7,75700144117764E-08
146948	46775	3,14159273115981	7,75700144117764E-08
294251	93663	3,14159273138806	7,77982682720335E-08
242044	77045	3,14159257576741	7,78223845365744E-08
322607	102689	3,14159257564101	7,79487798752143E-08
294606	93776	3,14159273161576	7,80259719057597E-08
147303	46888	3,14159273161576	7,80259719057597E-08
294961	93889	3,14159273184292	7,82531279774901E-08
322252	102576	3,14159257526127	7,83285232230924E-08
80563	25644	3,14159257526127	7,83285232230924E-08
161126	51288	3,14159257526127	7,83285232230924E-08
241689	76932	3,14159257526127	7,83285232230924E-08
295316	94002	3,14159273206953	7,84797373754032E-08
147658	47001	3,14159273206953	7,84797373754032E-08
295671	94115	3,1415927322956	7,87058027640342E-08
321897	102463	3,14159257488069	7,87091045673094E-08
241334	76819	3,14159257475364	7,88361513848201E-08
148013	47114	3,14159273252112	7,893132591974E-08
296026	94228	3,14159273252112	7,893132591974E-08
321542	102350	3,14159257449927	7,90905256842223E-08
160771	51175	3,14159257449927	7,90905256842223E-08
296381	94341	3,1415927327461	7,91563086188774E-08
240979	76706	3,14159257424452	7,93452752390067E-08
296736	94454	3,14159273297055	7,93807535259816E-08
148368	47227	3,14159273297055	7,93807535259816E-08
321187	102237	3,141592574117	7,94727905706338E-08
297091	94567	3,14159273319445	7,96046615292312E-08
297446	94680	3,14159273341783	7,98280352931613E-08
148723	47340	3,14159273341783	7,98280352931613E-08
320832	102124	3,14159257373389	7,9855901002901E-08
80208	25531	3,14159257373389	7,9855901002901E-08
160416	51062	3,14159257373389	7,9855901002901E-08
240624	76593	3,14159257373389	7,9855901002901E-08
297801	94793	3,14159273364067	8,00508765941288E-08
320477	102011	3,14159257334993	8,02398600896481E-08
298156	94906	3,14159273386298	8,02731872084905E-08
149078	47453	3,14159273386298	8,02731872084905E-08
240269	76480	3,14159257322176	8,03680357819303E-08
298511	95019	3,14159273408476	8,04949689126033E-08
160061	50949	3,14159257296512	8,06246709394998E-08
320122	101898	3,14159257296512	8,06246709394998E-08
298866	95132	3,14159273430602	8,07162239269132E-08
149433	47566	3,14159273430602	8,07162239269132E-08
239914	76367	3,14159257270811	8,08816862374329E-08
299221	95245	3,14159273452675	8,09369535836879E-08
319767	101785	3,14159257257946	8,10103362169912E-08
299576	95358	3,14159273474695	8,11571605474626E-08
149788	47679	3,14159273474695	8,11571605474626E-08
299931	95471	3,14159273496664	8,13768461505049E-08
319412	101672	3,14159257219293	8,13968590307468E-08
79853	25418	3,14159257219293	8,13968590307468E-08
159706	50836	3,14159257219293	8,13968590307468E-08
239559	76254	3,14159257219293	8,13968590307468E-08
300286	95584	3,14159273518581	8,15960121691717E-08
150143	47792	3,14159273518581	8,15960121691717E-08
319057	101559	3,14159257180555	8,17842416012127E-08
300641	95697	3,14159273540445	8,18146603798198E-08
239204	76141	3,14159257167623	8,19135608232102E-08
300996	95810	3,14159273562259	8,20327934469844E-08
150498	47905	3,14159273562259	8,20327934469844E-08
318702	101446	3,14159257141731	8,21724874811025E-08
159351	50723	3,14159257141731	8,21724874811025E-08
301351	95923	3,14159273584021	8,22504122588441E-08
238849	76028	3,14159257115799	8,24317987202505E-08
301706	96036	3,14159273605731	8,24675185917556E-08
150853	48018	3,14159273605731	8,24675185917556E-08
318347	101333	3,14159257102819	8,25615988908623E-08
302061	96149	3,14159273627391	8,26841151102542E-08
302416	96262	3,14159273649	8,29002031466075E-08
151208	48131	3,14159273649	8,29002031466075E-08
79498	25305	3,14159257063821	8,29515793832059E-08
238494	75915	3,14159257063821	8,29515793832059E-08
317992	101220	3,14159257063821	8,29515793832059E-08
158996	50610	3,14159257063821	8,29515793832059E-08
302771	96375	3,14159273670558	8,31157840330832E-08
303126	96488	3,14159273692065	8,33308604342165E-08
151563	48244	3,14159273692065	8,33308604342165E-08
317637	101107	3,14159257024736	8,33424316226683E-08
238139	75802	3,14159257011688	8,34729094734144E-08
303481	96601	3,14159273713523	8,35454332381858E-08
317282	100994	3,14159256985563	8,37341582737849E-08
158641	50497	3,14159256985563	8,37341582737849E-08
303836	96714	3,1415927373493	8,37595046654371E-08
151918	48357	3,1415927373493	8,37595046654371E-08
304191	96827	3,14159273756287	8,39730769364166E-08
237784	75689	3,141592569594	8,39957965403926E-08
316927	100881	3,14159256946303	8,41267624451803E-08
304546	96940	3,14159273777594	8,41861509393027E-08
152273	48470	3,14159273777594	8,41861509393027E-08
304901	97053	3,14159273798852	8,43987284504522E-08
316572	100768	3,14159256906955	8,45202472454787E-08
79143	25192	3,14159256906955	8,45202472454787E-08
158286	50384	3,14159256906955	8,45202472454787E-08
237429	75576	3,14159256906955	8,45202472454787E-08
305256	97166	3,14159273820061	8,46108121344003E-08
152628	48583	3,14159273820061	8,46108121344003E-08
305611	97279	3,1415927384122	8,48224028793254E-08
316217	100655	3,14159256867518	8,49146153392155E-08
305966	97392	3,1415927386233	8,50335024615845E-08
152983	48696	3,1415927386233	8,50335024615845E-08
237074	75463	3,14159256854352	8,50462686941E-08
306321	97505	3,14159273883391	8,52441126575343E-08
315862	100542	3,14159256827992	8,53098702791044E-08
157931	50271	3,14159256827992	8,53098702791044E-08
306676	97618	3,14159273904403	8,54542356876209E-08
153338	48809	3,14159273904403	8,54542356876209E-08
236719	75350	3,14159256801593	8,55738675475948E-08
307031	97731	3,14159273925367	8,56638724400227E-08
315507	100429	3,14159256788378	8,57060147296806E-08
307386	97844	3,14159273946282	8,58730251351858E-08
153693	48922	3,14159273946282	8,58730251351858E-08
307741	97957	3,14159273967149	8,6081695549467E-08
315152	100316	3,14159256748674	8,61030513554795E-08
236364	75237	3,14159256748674	8,61030513554795E-08
78788	25079	3,14159256748674	8,61030513554795E-08
157576	50158	3,14159256748674	8,61030513554795E-08
308096	98070	3,14159273987968	8,62898845710447E-08
154048	49035	3,14159273987968	8,62898845710447E-08
308451	98183	3,14159274008739	8,64975948644542E-08
314797	100203	3,14159256708881	8,65009832651253E-08
236009	75124	3,14159256695597	8,66338267790923E-08
308806	98296	3,14159274029462	8,67048273178739E-08
154403	49148	3,14159274029462	8,67048273178739E-08
314442	100090	3,14159256668998	8,6899814011332E-08
157221	50045	3,14159256668998	8,6899814011332E-08
309161	98409	3,14159274050138	8,69115837076606E-08
309516	98522	3,14159274070766	8,71178662542604E-08
154758	49261	3,14159274070766	8,71178662542604E-08
235654	75011	3,14159256642359	8,71662018120389E-08
314087	99977	3,14159256629025	8,72995462586346E-08
309871	98635	3,14159274091347	8,73236758458518E-08
310226	98748	3,14159274111881	8,75290142587915E-08
155113	49374	3,14159274111881	8,75290142587915E-08
235299	74898	3,14159256588961	8,77001831156576E-08
78433	24966	3,14159256588961	8,77001831156576E-08
313732	99864	3,14159256588961	8,77001831156576E-08
156866	49932	3,14159256588961	8,77001831156576E-08
310581	98861	3,14159274132368	8,77338837135255E-08
310936	98974	3,14159274152808	8,79382850982324E-08
155468	49487	3,14159274152808	8,79382850982324E-08
313377	99751	3,14159256548807	8,81017276910256E-08
311291	99087	3,14159274173201	8,8142220189269E-08
234944	74785	3,14159256535401	8,82357782394649E-08
311646	99200	3,14159274193548	8,8345690762992E-08
155823	49600	3,14159274193548	8,8345690762992E-08
313022	99638	3,14159256508561	8,85041830933631E-08
156511	49819	3,14159256508561	8,85041830933631E-08
312001	99313	3,14159274213849	8,85486981516692E-08
312356	99426	3,14159274234104	8,87512445757466E-08
156178	49713	3,14159274234104	8,87512445757466E-08
234589	74672	3,1415925648168	8,87729942888882E-08
312667	99525	3,14159256468224	8,89075524312943E-08
312711	99539	3,14159274254312	8,89533304793133E-08
313066	99652	3,14159274274475	8,91549585269047E-08
156533	49826	3,14159274274475	8,91549585269047E-08
78078	24853	3,14159256427795	8,9311838813444E-08
312312	99412	3,14159256427795	8,9311838813444E-08
234234	74559	3,14159256427795	8,9311838813444E-08
156156	49706	3,14159256427795	8,9311838813444E-08
313421	99765	3,14159274294592	8,93561296066991E-08
313776	99878	3,14159274314664	8,95568459391427E-08
156888	49939	3,14159274314664	8,95568459391427E-08
311957	99299	3,14159256387275	8,97170453484364E-08
314131	99991	3,1415927433469	8,97571079683246E-08
233879	74446	3,14159256373747	8,98523189185596E-08
314486	100104	3,14159274354671	8,99569183587801E-08
157243	50052	3,14159274354671	8,99569183587801E-08
311602	99186	3,14159256346662	9,01231747008069E-08
155801	49593	3,14159256346662	9,01231747008069E-08
314841	100217	3,14159274374607	9,01562779986875E-08
315196	100330	3,14159274394498	9,03551886644038E-08
157598	50165	3,14159274394498	9,03551886644038E-08
233524	74333	3,14159256319535	9,03944425978409E-08
311247	99073	3,14159256305956	9,05302308673583E-08
315551	100443	3,14159274414344	9,05536512441074E-08
157953	50278	3,14159274434146	9,07516684023335E-08
315906	100556	3,14159274434146	9,07516684023335E-08
233169	74220	3,14159256265158	9,0938216512626E-08
77723	24740	3,14159256265158	9,0938216512626E-08
310892	98960	3,14159256265158	9,0938216512626E-08
155446	49480	3,14159256265158	9,0938216512626E-08
316261	100669	3,14159274453903	9,09492405831713E-08
158308	50391	3,14159274473616	9,11463700070669E-08
316616	100782	3,14159274473616	9,11463700070669E-08
316971	100895	3,14159274493285	9,1343058006288E-08
310537	98847	3,14159256224266	9,13471351893236E-08
232814	74107	3,14159256210614	9,14836491006099E-08
317326	101008	3,1415927451291	9,15393054690128E-08
158663	50504	3,1415927451291	9,15393054690128E-08
317681	101121	3,14159274532491	9,17351146156875E-08
310182	98734	3,1415925618328	9,17569900060755E-08
155091	49367	3,1415925618328	9,17569900060755E-08
318036	101234	3,14159274552028	9,19304867785797E-08
159018	50617	3,14159274552028	9,19304867785797E-08
232459	73994	3,14159256155905	9,20307479113092E-08
318391	101347	3,14159274571522	9,21254228458679E-08
309827	98621	3,14159256142201	9,21677836274171E-08
318746	101460	3,14159274590972	9,2319925037998E-08
159373	50730	3,14159274590972	9,2319925037998E-08
319101	101573	3,14159274610379	9,25139942431485E-08
77368	24627	3,14159256101027	9,25795200501511E-08
309472	98508	3,14159256101027	9,25795200501511E-08
232104	73881	3,14159256101027	9,25795200501511E-08
154736	49254	3,14159256101027	9,25795200501511E-08
159728	50843	3,14159274629743	9,27076322376763E-08
319456	101686	3,14159274629743	9,27076322376763E-08
319811	101799	3,14159274649063	9,29008403538489E-08
309117	98395	3,14159256059759	9,2992201938813E-08
320166	101912	3,14159274668341	9,30936199239341E-08
160083	50956	3,14159274668341	9,30936199239341E-08
231749	73768	3,14159256045982	9,31299730666524E-08
320521	102025	3,14159274687577	9,32859727242885E-08
308762	98282	3,14159256018396	9,34058328461163E-08
154381	49141	3,14159256018396	9,34058328461163E-08
160438	51069	3,14159274706769	9,34778996430907E-08
320876	102138	3,14159274706769	9,34778996430907E-08
321231	102251	3,1415927472592	9,36694024566975E-08
231394	73655	3,14159255990768	9,36821153985079E-08
308407	98169	3,14159255976938	9,38204158806855E-08
321586	102364	3,14159274745028	9,38604824973766E-08
160793	51182	3,14159274745028	9,38604824973766E-08
321941	102477	3,14159274764093	9,40511410973954E-08
231039	73542	3,14159255935384	9,42359545952343E-08
77013	24514	3,14159255935384	9,42359545952343E-08
308052	98056	3,14159255935384	9,42359545952343E-08
154026	49028	3,14159255935384	9,42359545952343E-08
161148	51295	3,14159274783117	9,42413795890218E-08
322296	102590	3,14159274783117	9,42413795890218E-08
322651	102703	3,14159274802099	9,44311993045233E-08
161503	51408	3,1415927482104	9,46206020202567E-08
323006	102816	3,1415927482104	9,46206020202567E-08
307697	97943	3,14159255893734	9,46524520983871E-08
230684	73429	3,14159255879829	9,4791498206348E-08
323361	102929	3,14159274839938	9,48095890684897E-08
161858	51521	3,14159274858795	9,49981613374007E-08
323716	103042	3,14159274858795	9,49981613374007E-08
307342	97830	3,14159255851988	9,50699114987685E-08
153671	48915	3,14159255851988	9,50699114987685E-08
324071	103155	3,14159274877611	9,51863206033465E-08
230329	73316	3,14159255824104	9,5348754225455E-08
162213	51634	3,14159274896386	9,53740677545056E-08
324426	103268	3,14159274896386	9,53740677545056E-08
306987	97717	3,14159255810146	9,54883367931814E-08
324781	103381	3,1415927491512	9,5561405011324E-08
325136	103494	3,14159274933813	9,5748332817891E-08
162568	51747	3,14159274933813	9,5748332817891E-08
229974	73203	3,14159255768206	9,59077310902501E-08
76658	24401	3,14159255768206	9,59077310902501E-08
306632	97604	3,14159255768206	9,59077310902501E-08
153316	48802	3,14159255768206	9,59077310902501E-08
325491	103607	3,14159274952465	9,59348529505633E-08
325846	103720	3,14159274971076	9,61209667416085E-08
162923	51860	3,14159274971076	9,61209667416085E-08
326201	103833	3,14159274989647	9,63066750792052E-08
306277	97491	3,1415925572617	9,632809705451E-08
229619	73090	3,14159255712136	9,64684359061607E-08
163278	51973	3,14159275008177	9,64919801837993E-08
326556	103946	3,14159275008177	9,64919801837993E-08
326911	104059	3,14159275026668	9,66768824994801E-08
305922	97378	3,14159255684035	9,67494391268531E-08
152961	48689	3,14159255684035	9,67494391268531E-08
327266	104172	3,14159275045118	9,68613838026045E-08
163633	52086	3,14159275045118	9,68613838026045E-08
229264	72977	3,14159255655892	9,70308771108819E-08
327621	104285	3,14159275063528	9,70454854254399E-08
305567	97265	3,14159255641803	9,71717599718147E-08
327976	104398	3,14159275081898	9,72291882561649E-08
163988	52199	3,14159275081898	9,72291882561649E-08
328331	104511	3,14159275100229	9,74124936270471E-08
76303	24288	3,14159255599473	9,75950631421085E-08
305212	97152	3,14159255599473	9,75950631421085E-08
152606	48576	3,14159255599473	9,75950631421085E-08
228909	72864	3,14159255599473	9,75950631421085E-08
164343	52312	3,1415927511852	9,75954033144433E-08
328686	104624	3,1415927511852	9,75954033144433E-08
329041	104737	3,14159275136771	9,77779182065319E-08
164698	52425	3,14159275154983	9,79600400796699E-08
329396	104850	3,14159275154983	9,79600400796699E-08
304857	97039	3,14159255557044	9,80193521904482E-08
329751	104963	3,14159275173156	9,81417693779463E-08
228554	72751	3,14159255542879	9,81610015493573E-08
165053	52538	3,1415927519129	9,8323107877718E-08
330106	105076	3,1415927519129	9,8323107877718E-08
304502	96926	3,14159255514516	9,84446306695475E-08
152251	48463	3,14159255514516	9,84446306695475E-08
330461	105189	3,14159275209385	9,85040569112527E-08
165408	52651	3,14159275227441	9,86846178108181E-08
330816	105302	3,14159275227441	9,86846178108181E-08
228199	72638	3,14159255486109	9,87287012144122E-08
331171	105415	3,14159275245458	9,88647910205032E-08
304147	96813	3,14159255471889	9,88709021321199E-08
165763	52764	3,14159275263437	9,90445787607541E-08
331526	105528	3,14159275263437	9,90445787607541E-08
331881	105641	3,14159275281377	9,92239819197494E-08
75948	24175	3,14159255429162	9,92981696867901E-08
303792	96700	3,14159255429162	9,92981696867901E-08
227844	72525	3,14159255429162	9,92981696867901E-08
151896	48350	3,14159255429162	9,92981696867901E-08
166118	52877	3,14159275299279	9,94030013856673E-08
332236	105754	3,14159275299279	9,94030013856673E-08
332591	105867	3,14159275317143	9,95816389348647E-08
303437	96587	3,14159255386336	9,97264368862716E-08
166473	52990	3,14159275334969	9,97598954555201E-08
332946	105980	3,14159275334969	9,97598954555201E-08
227489	72412	3,14159255372038	9,98694154041857E-08
333301	106093	3,14159275352757	9,99377722799011E-08
